function [trajectory1_data, trajectory2_data, trajectory3_data, trajectory4_data,...
      trajectory5_data, trajectory6_data, trajectory7_data, trajectory8_data,...
      trajectory9_data, trajectory10_data] = ANFIS_data()

% =================================================
% Data for an aircraft trajectory prediction system
% =================================================



data=[
   -1.0900
         0
    1.7800
    3.3900
    3.7300
    4.4100
    4.6100
    3.4800
    1.2700
   -1.8000
   -5.8800
  -10.5500
  -14.2100
  -15.2000
  -13.0200
   -8.1400
   -4.7500
   -1.9300
    0.8800
    4.3500
    7.7100
    8.6600
    8.7500
    8.9100
    9.8700
   12.6300
   17.7500
   19.7600
   19.3400
   18.6600
   18.3200
   17.6700
   16.0800
   12.6500
    7.9000
    3.6000
    1.1500
    0.8800
    3.3100
    6.4500
    9.6000
   14.0900
   26.7000
   28.3400
   28.1200
   24.8300
   19.2900
   14.8500
   12.1400
   12.3900
   16.0800
   19.0500
   20.2300
   18.1500
    5.3500
    1.2200
    0.0900
    1.6400
    6.7100
   10.1900
   11.4600
   11.5500
   11.1200
   11.2100
   12.2300
   12.5700
   11.5700
    9.1300
    6.2000
    2.5500
   -2.8000
  -10.8000
  -15.5100
  -17.9900
  -18.2500
  -14.5600
   -9.4400
   -5.7000
   -4.3100
   -5.7700
   -9.6000
  -16.1600
  -18.7500
  -18.9100
  -17.4600
  -14.7400
  -12.0100
   -9.2700
   -5.2400
    0.4000
    7.8800
    9.4300
    9.3000
   10.0600
   11.3700
   11.9800
   10.5400
    5.9500
   -0.8000
   -3.1400
   -2.8800
   -1.5300
   -1.0900
   -1.8700
   -2.5500
   -2.2900
   -0.0700
    2.5400
    3.3000
    1.0200
   -4.2300
  -11.3900
  -22.7500
  -25.9400
  -27.1600
  -25.1000
  -17.9000
  -13.4600
  -10.8100
   -9.1000
   -8.7600
   -8.8500
   -8.0000
   -5.4400
   -4.1600
   -2.7100
         0
    4.0300
    8.4100
   12.8500
   16.0700
   17.4600
   16.8300
   14.8500
    9.9300
    6.4800
    5.7700
    5.7700
    6.3200
    7.4700
    9.0000
    9.9300
    9.6800
    7.9000
    3.9900
   -1.6100
   -5.5300
   -6.0300
   -4.2400
   -1.9400
   -0.4900
    0.6000
    1.6100
    3.0100
    5.1700
    5.6600
    5.6000
    5.7300
    5.9200
    6.7100
    9.3300
   13.3700
   14.6000
   13.5300
    7.7200
    2.1800
   -2.3700
   -7.1400
  -10.9900
  -12.6900
  -11.7500
   -6.7600
    0.3300
    5.5600
    6.4300
    4.8400
    1.0900
   -3.1000
   -6.9700
  -10.4700
  -12.1800
  -11.8300
   -8.7300
   -3.3600
    0.6300
    0.8400
         0
    0.0100
    2.0900
    5.5600
    7.8200
    8.5800
    9.1800
    8.6200
    4.1600
   -3.3600
   -9.5900
  -18.1300
  -23.7800
  -24.9900
  -24.7300
  -23.3000
  -20.5300
  -17.3900
  -12.6100
   -5.6900
   -1.3700
   -0.2400
   -0.5000
   -1.3500
   -2.7600
   -5.3400
   -8.7100
  -12.4300
  -14.3900
  -14.2200
  -11.7500
   -8.1300
   -6.3400
   -5.8200
   -6.2500
   -7.1300
   -8.4800
  -10.3900
  -13.4600
  -16.2800
  -16.1900
  -11.4900
   -4.8800
   -1.6000
   -0.0700
   -0.9200
   -6.2000
  -10.8600
  -15.2500
  -18.5800
  -20.2900
  -20.2400
  -19.6100
  -19.5200
  -17.9400
  -13.0200
  -10.3000
   -9.1800
   -7.9800
   -8.6700
  -10.4700
  -11.2300
   -8.7600
   -3.9500
    1.8500
    6.6200
    7.0900
    6.0500
    5.0100
    6.0300
    9.4300
   12.2300
   12.4900
    8.2400
    1.0200
    0.2500
    3.8200
    9.2200
   10.3200
    8.6600
    5.2700
    0.9300
   -4.5800
   -7.4800
   -9.4700
  -10.2900
   -9.2800
   -6.4500
   -4.2400
   -2.7600
   -1.5800
   -0.3300
    1.0200
    2.5100
    2.8000
         0
   -4.9300
   -7.5900
   -8.2400
   -7.4000
   -5.2800
   -2.0400
    0.3400
    2.0400
    2.5300
    1.9500
    1.3100
    0.1700
   -1.8200
   -2.6200];

trajectory1_data=data(12:132);
trajectory2_data=data(36:156);
trajectory3_data=data(176:296);
trajectory4_data=data(84:204);
trajectory5_data=data(96:216);
trajectory6_data=data(108:228);
trajectory7_data=data(120:240);
trajectory8_data=data(132:252);
trajectory9_data=data(144:264);
trajectory10_data=data(72:192);
