function [p,t] = Cholesterol_data()


% Spectral content measurements  

p1=[0.2742    0.3115    0.3036    0.2564    0.2266    0.2346    0.2484    0.2531    0.2258    0.1936    0.1821    0.1894    0.2188    0.2788    0.3495
    0.2415    0.2775    0.2741    0.2350    0.2074    0.2109    0.2182    0.2203    0.2006    0.1764    0.1682    0.1731    0.1959    0.2444    0.3008
    0.2321    0.2648    0.2598    0.2224    0.2004    0.2076    0.2175    0.2204    0.2001    0.1766    0.1709    0.1801    0.2080    0.2628    0.3250
    0.2762    0.3167    0.3094    0.2610    0.2290    0.2356    0.2456    0.2496    0.2289    0.2022    0.1945    0.2044    0.2366    0.3002    0.3751
    0.2752    0.3161    0.3083    0.2590    0.2270    0.2337    0.2457    0.2504    0.2283    0.2009    0.1945    0.2061    0.2399    0.3054    0.3812
    0.2084    0.2382    0.2334    0.1992    0.1770    0.1813    0.1886    0.1904    0.1733    0.1540    0.1502    0.1587    0.1830    0.2307    0.2839
    0.2480    0.2836    0.2773    0.2341    0.2028    0.2065    0.2155    0.2186    0.1995    0.1762    0.1704    0.1799    0.2086    0.2651    0.3302
    0.1876    0.2147    0.2101    0.1779    0.1543    0.1557    0.1606    0.1617    0.1487    0.1338    0.1317    0.1385    0.1578    0.1966    0.2392
    0.2516    0.2853    0.2784    0.2359    0.2070    0.2145    0.2269    0.2296    0.2034    0.1734    0.1626    0.1674    0.1917    0.2423    0.3012
    0.2714    0.3084    0.2997    0.2517    0.2177    0.2256    0.2389    0.2431    0.2182    0.1871    0.1757    0.1814    0.2088    0.2652    0.3317
    0.1865    0.2105    0.2063    0.1771    0.1561    0.1591    0.1655    0.1656    0.1475    0.1284    0.1237    0.1278    0.1448    0.1802    0.2180
    0.2720    0.3081    0.2984    0.2494    0.2154    0.2241    0.2377    0.2422    0.2183    0.1880    0.1788    0.1871    0.2179    0.2794    0.3513
    0.2091    0.2362    0.2297    0.1945    0.1691    0.1742    0.1833    0.1853    0.1673    0.1458    0.1403    0.1461    0.1679    0.2116    0.2603
    0.2238    0.2538    0.2456    0.2055    0.1769    0.1822    0.1919    0.1947    0.1756    0.1523    0.1460    0.1528    0.1776    0.2265    0.2825
    0.2470    0.2795    0.2725    0.2299    0.1978    0.2009    0.2095    0.2118    0.1909    0.1640    0.1547    0.1597    0.1849    0.2365    0.2967
    0.2314    0.2614    0.2542    0.2152    0.1845    0.1893    0.1979    0.2012    0.1858    0.1641    0.1588    0.1653    0.1900    0.2408    0.2990
    0.1650    0.1842    0.1790    0.1521    0.1329    0.1344    0.1384    0.1364    0.1198    0.1050    0.1017    0.1058    0.1192    0.1463    0.1755
    0.2484    0.2831    0.2769    0.2347    0.1999    0.2012    0.2067    0.2060    0.1841    0.1603    0.1503    0.1524    0.1701    0.2089    0.2556
    0.2552    0.2914    0.2838    0.2396    0.2090    0.2125    0.2203    0.2210    0.1983    0.1737    0.1660    0.1732    0.1982    0.2478    0.3050
    0.2103    0.2386    0.2341    0.2006    0.1762    0.1787    0.1835    0.1828    0.1654    0.1462    0.1395    0.1434    0.1613    0.1984    0.2418
    0.2500    0.2853    0.2794    0.2384    0.2112    0.2158    0.2228    0.2235    0.2025    0.1787    0.1708    0.1781    0.2045    0.2558    0.3167
    0.2411    0.2797    0.2707    0.2226    0.1857    0.1799    0.1815    0.1789    0.1579    0.1369    0.1313    0.1369    0.1565    0.1964    0.2417
    0.2303    0.2601    0.2529    0.2143    0.1867    0.1917    0.2083    0.2021    0.1794    0.1558    0.1502    0.1580    0.1806    0.2251    0.2737
    0.2185    0.2487    0.2431    0.2059    0.1753    0.1757    0.1794    0.1781    0.1608    0.1421    0.1356    0.1387    0.1550    0.1902    0.2318
    0.3629    0.4136    0.3997    0.3292    0.2675    0.2713    0.2814    0.2853    0.2614    0.2274    0.2113    0.2149    0.2454    0.3109    0.3920
    0.2466    0.2844    0.2791    0.2359    0.2069    0.2125    0.2208    0.2213    0.1966    0.1697    0.1612    0.1685    0.1957    0.2500    0.3109
    0.2454    0.2820    0.2738    0.2275    0.1964    0.2044    0.2158    0.2191    0.1958    0.1681    0.1602    0.1695    0.2003    0.2606    0.3310
    0.4808    0.5572    0.5440    0.4507    0.3616    0.3680    0.3828    0.3908    0.3606    0.3129    0.2867    0.2881    0.3272    0.4140    0.5255
    0.2791    0.3211    0.3103    0.2515    0.1931    0.1949    0.2038    0.2072    0.1888    0.1625    0.1500    0.1508    0.1711    0.2183    0.2774
    0.1299    0.1445    0.1376    0.1114    0.0905    0.0900    0.0916    0.0903    0.0801    0.0700    0.0689    0.0726    0.0837    0.1071    0.1303
    0.3024    0.3434    0.3310    0.2722    0.2292    0.2391    0.2533    0.2597    0.2332    0.1953    0.1814    0.1911    0.2309    0.3080    0.3997
    0.2712    0.3082    0.3001    0.2507    0.2041    0.2045    0.2099    0.2111    0.1911    0.1630    0.1494    0.1493    0.1702    0.2177    0.2748
    0.1852    0.2085    0.2016    0.1687    0.1451    0.1502    0.1585    0.1596    0.1408    0.1207    0.1150    0.1200    0.1379    0.1742    0.2154
    0.2266    0.2579    0.2515    0.2130    0.1896    0.1958    0.2056    0.2074    0.1848    0.1590    0.1506    0.1575    0.1825    0.2313    0.2874
    0.3028    0.3460    0.3391    0.2881    0.2480    0.2564    0.2687    0.2720    0.2486    0.2168    0.2047    0.2110    0.2410    0.3018    0.3742
    0.8340    0.9681    0.9484    0.7874    0.5970    0.5949    0.6114    0.6215    0.5862    0.5126    0.4615    0.4457    0.4836    0.5879    0.7312
    0.4131    0.4584    0.4385    0.3608    0.2808    0.2776    0.2837    0.2857    0.2640    0.2304    0.2109    0.2069    0.2258    0.2750    0.3375
    0.3087    0.3538    0.3464    0.2927    0.2472    0.2510    0.2598    0.2628    0.2390    0.2058    0.1899    0.1914    0.2163    0.2709    0.3388
    0.2604    0.2955    0.2882    0.2428    0.2019    0.2046    0.2121    0.2138    0.1947    0.1689    0.1574    0.1586    0.1778    0.2205    0.2724
    0.2749    0.3110    0.3010    0.2502    0.2064    0.2110    0.2208    0.2234    0.2018    0.1737    0.1625    0.1663    0.1893    0.2384    0.2977
    0.1808    0.2028    0.1981    0.1700    0.1512    0.1548    0.1614    0.1607    0.1403    0.1207    0.1154    0.1194    0.1356    0.1694    0.2057
    0.2323    0.2634    0.2580    0.2202    0.1940    0.2006    0.2101    0.2125    0.1911    0.1652    0.1558    0.1600    0.1825    0.2299    0.2859
    0.1506    0.1660    0.1600    0.1340    0.1106    0.1094    0.1128    0.1117    0.0992    0.0860    0.0827    0.0836    0.0929    0.1144    0.1366
    0.5749    0.6573    0.6391    0.5311    0.4213    0.4226    0.4362    0.4415    0.4082    0.3523    0.3179    0.3120    0.3473    0.4308    0.5383
    0.3081    0.3500    0.3404    0.2845    0.2313    0.2329    0.2405    0.2424    0.2204    0.1889    0.1741    0.1739    0.1956    0.2456    0.3065
    0.3616    0.4112    0.4002    0.3357    0.2736    0.2753    0.2845    0.2878    0.2637    0.2281    0.2110    0.2110    0.2365    0.2951    0.3668
    0.3728    0.4263    0.4156    0.3478    0.2848    0.2897    0.3008    0.3052    0.2809    0.2445    0.2287    0.2335    0.2671    0.3374    0.4234
    0.1928    0.2124    0.2049    0.1735    0.1426    0.1409    0.1436    0.1418    0.1275    0.1121    0.1088    0.1113    0.1244    0.1533    0.1838
    0.2314    0.2600    0.2504    0.2089    0.1828    0.1926    0.2058    0.2101    0.1878    0.1613    0.1529    0.1607    0.1883    0.2429    0.3067
    0.2872    0.3246    0.3139    0.2621    0.2256    0.2350    0.2494    0.2547    0.2277    0.1938    0.1807    0.1867    0.2163    0.2774    0.3502
    0.1691    0.1891    0.1850    0.1590    0.1424    0.1471    0.1539    0.1545    0.1375    0.1201    0.1162    0.1211    0.1384    0.1736    0.2102
    0.1864    0.2088    0.2028    0.1717    0.1509    0.1571    0.1666    0.1688    0.1495    0.1277    0.1213    0.1258    0.1453    0.1853    0.2305
